{
    "timestamp": "20251222-224450",
    "experiment_name": "xiaozi2-head-cam-left-arm",
    "camera_sn": "046322250624",
    "robot_ip": "192.168.100.100",
    "camera_resolution": [
        640,
        480
    ],
    "board_type": "chessboard",
    "camera_matrix": [
        [
            383.4466552734375,
            0.0,
            315.53253173828125
        ],
        [
            0.0,
            383.1243591308594,
            248.0563507080078
        ],
        [
            0.0,
            0.0,
            1.0
        ]
    ],
    "dist_coeffs": [
        [
            -0.0553792268037796
        ],
        [
            0.06416318565607071
        ],
        [
            -0.000376493000658229
        ],
        [
            5.2361614507390186e-05
        ],
        [
            0.0
        ]
    ],
    "cam2gripper": {
        "R": [
            [
                -0.083770163112365,
                -0.5415380762658303,
                -0.8364921229314898
            ],
            [
                0.1620377289438441,
                0.8208674020112339,
                -0.547649963675746
            ],
            [
                0.9832224235496507,
                -0.18142001066483313,
                0.018985403854629254
            ]
        ],
        "t": [
            [
                0.3352951681470291
            ],
            [
                0.09533198063687405
            ],
            [
                -0.016205169424625965
            ]
        ],
        "T": [
            [
                -0.083770163112365,
                -0.5415380762658303,
                -0.8364921229314898,
                0.3352951681470291
            ],
            [
                0.1620377289438441,
                0.8208674020112339,
                -0.547649963675746,
                0.09533198063687405
            ],
            [
                0.9832224235496507,
                -0.18142001066483313,
                0.018985403854629254,
                -0.016205169424625965
            ],
            [
                0.0,
                0.0,
                0.0,
                1.0
            ]
        ]
    },
    "cam2base": {
        "R": [
            [
                0.8595663938313469,
                -0.2273673327715666,
                -0.4576567606668971
            ],
            [
                -0.014456585483934692,
                -0.9060285437543983,
                0.42296960297216124
            ],
            [
                -0.5108195588776129,
                -0.3569543022441742,
                -0.7820786433457027
            ]
        ],
        "t": [
            [
                0.4059544390317483
            ],
            [
                0.20573765638102814
            ],
            [
                0.4468659208643677
            ]
        ],
        "T": [
            [
                0.8595663938313469,
                -0.2273673327715666,
                -0.4576567606668971,
                0.4059544390317483
            ],
            [
                -0.014456585483934692,
                -0.9060285437543983,
                0.42296960297216124,
                0.20573765638102814
            ],
            [
                -0.5108195588776129,
                -0.3569543022441742,
                -0.7820786433457027,
                0.4468659208643677
            ],
            [
                0.0,
                0.0,
                0.0,
                1.0
            ]
        ]
    },
    "method": "PARK"
}