{
    "timestamp": "20251222-222131",
    "experiment_name": "xiaozi2-head-cam-right-arm",
    "camera_sn": "046322250624",
    "robot_ip": "192.168.100.101",
    "camera_resolution": [
        640,
        480
    ],
    "board_type": "chessboard",
    "camera_matrix": [
        [
            383.02978515625,
            0.0,
            315.53253173828125
        ],
        [
            0.0,
            382.7078552246094,
            248.0563507080078
        ],
        [
            0.0,
            0.0,
            1.0
        ]
    ],
    "dist_coeffs": [
        [
            -0.0553792268037796
        ],
        [
            0.06416318565607071
        ],
        [
            -0.000376493000658229
        ],
        [
            5.2361614507390186e-05
        ],
        [
            0.0
        ]
    ],
    "cam2gripper": {
        "R": [
            [
                -0.20746632839742338,
                -0.29992482635827156,
                -0.931129862648198
            ],
            [
                0.3887078235953056,
                -0.8987457187480492,
                0.20288509286749482
            ],
            [
                -0.8976992539024932,
                -0.31984563709078756,
                0.30304260092748525
            ]
        ],
        "t": [
            [
                0.5464499399944648
            ],
            [
                -0.04852235724161447
            ],
            [
                -0.15305590208081465
            ]
        ],
        "T": [
            [
                -0.20746632839742338,
                -0.29992482635827156,
                -0.931129862648198,
                0.5464499399944648
            ],
            [
                0.3887078235953056,
                -0.8987457187480492,
                0.20288509286749482,
                -0.04852235724161447
            ],
            [
                -0.8976992539024932,
                -0.31984563709078756,
                0.30304260092748525,
                -0.15305590208081465
            ],
            [
                0.0,
                0.0,
                0.0,
                1.0
            ]
        ]
    },
    "cam2base": {
        "R": [
            [
                -0.9994997628408695,
                0.030925362283807028,
                0.0066216348933172825
            ],
            [
                0.025524834864986,
                0.9124158313664013,
                -0.4084676651548724
            ],
            [
                -0.018673695032325723,
                -0.40809431831327037,
                -0.9127487718284072
            ]
        ],
        "t": [
            [
                0.07731297646347829
            ],
            [
                -0.21060837417574357
            ],
            [
                0.586218133908583
            ]
        ],
        "T": [
            [
                -0.9994997628408695,
                0.030925362283807028,
                0.0066216348933172825,
                0.07731297646347829
            ],
            [
                0.025524834864986,
                0.9124158313664013,
                -0.4084676651548724,
                -0.21060837417574357
            ],
            [
                -0.018673695032325723,
                -0.40809431831327037,
                -0.9127487718284072,
                0.586218133908583
            ],
            [
                0.0,
                0.0,
                0.0,
                1.0
            ]
        ]
    },
    "method": "PARK"
}